0 744000
1 -21846000
2 3364000
3 -20814000
4 -43180000
5 22204000
6 32194000
7 -26776000
8 -37264000
9 17336000
10 -26326000
11 -11442000
12 -8064000
13 -46026000
14 2650000
15 -33342000
16 14048000
17 -52360000
18 -15558000
19 -30336000
20 -20142000
21 202088000
22 -249494000
23 388918000
24 -289428000
25 85874000
26 211550000
27 -517508000
28 1005492000
29 -494686000
30 202284000
31 101320000
32 -291678000
33 384406000
34 -224294000
35 171628000
36 12304000
37 -21560000
38 52756000
39 -49120000
40 -50786000
41 20158000
42 -46354000
43 45374000
44 -27966000
45 -12428000
46 36788000
47 -34800000
48 32586000
49 -19966000
50 -874000
51 -33440000
52 31714000
53 16374000
54 18494000
55 -36142000
56 -20818000
57 13840000
58 -29770000
59 72578000
60 -75980000
61 176990000
62 -195106000
63 362642000
64 -234196000
65 60960000
66 211758000
67 -516056000
68 1008690000
69 -496562000
70 210832000
71 92416000
72 -279586000
73 388420000
74 -198690000
75 187098000
76 -36276000
77 54252000
78 4942000
79 -37212000
80 41486000
81 -34098000
82 -20072000
83 15632000
84 12006000
85 24868000
86 -2874000
87 12402000
88 3278000
89 -23146000
90 45560000
91 -61432000
92 43502000
93 152856000
94 -212896000
95 422460000
96 -303562000
97 108598000
98 188788000
99 -522728000
100 1005230000
101 -521722000
102 226480000
103 45414000
104 -248420000
105 385574000
106 -193456000
107 231190000
108 -41390000
109 57968000
110 -15856000
111 32338000
112 6622000
113 -26138000
114 57718000
115 12300000
116 19784000
117 30074000
118 -25276000
119 26870000
120 24138000
121 -61430000
122 36674000
123 12352000
124 -23318000
