-474
-1183
-183
866
-1603
-1504
1563
394
-1415
-303
587
-1563
278
-921
-1647
-1448
-24
-88
-1514
-815
-1429
457
-62
-1558
14090
-6217
9781
-13876
4109
15908
-7919
12045
563
598
-176
-1597
-895
-1610
480
1716
-1255
-614
-84
-1210
414
-1318
538
-537
494
1542
993
-1060
-1378
582
539
816
-1031
-275
-1401
443
1116
-1543
511
-1556
14098
-5830
9978
-14105
4116
15947
-7796
12092
107
598
56
-319
-573
-783
1453
-1064
1063
1394
-801
-1465
552
-571
351
227
1784
-394
1187
38
-621
694
-1501
-1317
13927
-6239
10231
-14014
3931
15836
-7938
11809
-1640
937
-1483
1331
485
547
1432
1785
1551
-515
-407
1047
-366
634
234
575
1464
68
-1519
1640
-1417
-695
141
1055

