196608 196608 196608 196608 0
196608 196608 196608 196608 0
917504 786432 655360 524288 0
0 0 0 0 0
0 0 0 0 0
65536 65536 65536 65536 0
-65536 -65536 -65536 -65536 0
32768 -65536 65536 -32768 0
98304 -98304 98304 -98304 0
1 1 1 1 0
-1 -1 -1 -1 0
0 0 0 0 0
0 0 0 0 0
0 0 0 0 0
2147483647 2147483647 2147483647 2147483647 0
-2147483648 -2147483648 -2147483648 -2147483648 0
2147483647 2147483647 2147483647 2147483647 0
-2147483648 -2147483648 -2147483648 -2147483648 0
0 0 0 0 0
0 0 0 0 1
0 0 0 0 1
0 0 0 0 1
